1 2 2 2 3 4 5 6 -1
2 1 2 8 9 7 6 1 -1
3 1 3 7 23 10 -1
4 5 7 7 2 1 22 3 -1
5 5 11 1 3 2 -1
6 2 11 34 3 1 22 9 -1
7 7 14 3 1 22 9 11 -1
8 8 16 11 12 1 13 2 5 17 -1
9 9 18 2 50 7 8 6 -1
10 9 22 21 5 17 -1
11 2 23 12 15 27 18 10 -1
12 2 23 12 1 13 2 5 17 4 -1
13 1 28 33 21 21 -1
14 3 31 2 1 40 20 5 17 25 -1
15 5 32 6 -1
16 6 39 88 -1
17 7 41 12 1 13 12 50 -1
18 6 44 1 -1
19 11 45 2 3 5 4 5 6 9 -1
20 12 50 100 -1
21 1 68 54 54 12 54 12 67 65 12 34 -1
22 22 70 2 2 2 -1
23 3 70 2 3 3 2 3 -1
24 11 90 12 131 1 -1
25 18 95 100 80 20 -1
26 7 104 3 1 22 9 11 -1
27 12 111 13 2 5 17 4 -1
28 1 140 12 -1
29 2 140 19 18 19 19 18 18 18 18 18 -1
30 1 140 10 -1
